3000 1 925
3 1
9 1
12 1
13 1
23 1
26 1
27 1
30 1
34 1
39 1
40 1
43 1
44 1
48 1
57 1
58 1
59 1
62 1
63 1
64 1
66 1
68 1
70 1
74 1
75 1
77 1
87 1
94 1
97 1
101 1
107 1
110 1
112 1
114 1
116 1
117 1
122 1
134 1
137 1
141 1
149 1
150 1
159 1
161 1
174 1
176 1
178 1
179 1
181 1
187 1
199 1
206 1
207 1
209 1
214 1
215 1
218 1
219 1
220 1
221 1
222 1
223 1
226 1
236 1
237 1
242 1
244 1
245 1
247 1
254 1
257 1
262 1
265 1
266 1
268 1
271 1
274 1
275 1
276 1
279 1
281 1
305 1
306 1
310 1
318 1
324 1
327 1
328 1
337 1
338 1
342 1
345 1
346 1
347 1
348 1
349 1
352 1
354 1
357 1
368 1
369 1
371 1
373 1
375 1
378 1
381 1
384 1
385 1
407 1
408 1
410 1
418 1
421 1
422 1
424 1
425 1
429 1
432 1
436 1
438 1
440 1
444 1
445 1
449 1
456 1
457 1
458 1
463 1
465 1
471 1
476 1
481 1
486 1
491 1
492 1
494 1
496 1
504 1
510 1
512 1
513 1
515 1
516 1
521 1
524 1
527 1
528 1
538 1
542 1
544 1
545 1
547 1
548 1
552 1
554 1
563 1
575 1
576 1
580 1
582 1
584 1
586 1
597 1
599 1
600 1
602 1
603 1
608 1
610 1
611 1
613 1
614 1
616 1
619 1
620 1
621 1
625 1
629 1
636 1
641 1
643 1
645 1
646 1
655 1
657 1
659 1
660 1
661 1
663 1
664 1
665 1
666 1
671 1
672 1
673 1
674 1
682 1
683 1
684 1
685 1
688 1
689 1
691 1
693 1
694 1
695 1
696 1
697 1
698 1
699 1
708 1
719 1
720 1
722 1
729 1
732 1
738 1
739 1
741 1
743 1
744 1
745 1
749 1
751 1
756 1
758 1
762 1
765 1
766 1
768 1
769 1
771 1
776 1
777 1
782 1
783 1
785 1
788 1
789 1
793 1
797 1
805 1
807 1
811 1
812 1
817 1
818 1
819 1
821 1
822 1
825 1
830 1
831 1
833 1
835 1
836 1
842 1
847 1
849 1
850 1
854 1
856 1
857 1
858 1
868 1
869 1
884 1
886 1
900 1
903 1
908 1
909 1
910 1
915 1
920 1
923 1
929 1
931 1
932 1
941 1
944 1
945 1
947 1
948 1
950 1
951 1
954 1
959 1
966 1
974 1
976 1
977 1
984 1
986 1
989 1
990 1
996 1
998 1
1001 1
1002 1
1003 1
1004 1
1005 1
1010 1
1011 1
1015 1
1017 1
1018 1
1025 1
1036 1
1039 1
1041 1
1042 1
1045 1
1052 1
1053 1
1054 1
1058 1
1065 1
1074 1
1075 1
1084 1
1085 1
1088 1
1099 1
1100 1
1102 1
1103 1
1107 1
1109 1
1114 1
1115 1
1116 1
1118 1
1129 1
1131 1
1134 1
1139 1
1141 1
1143 1
1147 1
1149 1
1150 1
1152 1
1163 1
1168 1
1169 1
1170 1
1176 1
1177 1
1179 1
1181 1
1183 1
1184 1
1185 1
1186 1
1187 1
1188 1
1189 1
1197 1
1198 1
1199 1
1200 1
1201 1
1204 1
1210 1
1213 1
1214 1
1215 1
1216 1
1217 1
1222 1
1223 1
1225 1
1230 1
1235 1
1245 1
1256 1
1259 1
1260 1
1262 1
1263 1
1265 1
1266 1
1268 1
1274 1
1278 1
1280 1
1288 1
1294 1
1296 1
1298 1
1301 1
1302 1
1303 1
1307 1
1316 1
1317 1
1318 1
1321 1
1322 1
1325 1
1327 1
1329 1
1331 1
1333 1
1336 1
1339 1
1340 1
1341 1
1342 1
1350 1
1351 1
1360 1
1367 1
1368 1
1370 1
1372 1
1373 1
1380 1
1385 1
1394 1
1396 1
1400 1
1401 1
1408 1
1410 1
1411 1
1418 1
1421 1
1423 1
1425 1
1431 1
1432 1
1435 1
1436 1
1437 1
1440 1
1442 1
1447 1
1449 1
1451 1
1452 1
1453 1
1454 1
1457 1
1458 1
1463 1
1467 1
1468 1
1469 1
1472 1
1478 1
1486 1
1490 1
1492 1
1496 1
1504 1
1506 1
1507 1
1508 1
1514 1
1521 1
1522 1
1535 1
1536 1
1539 1
1547 1
1554 1
1555 1
1564 1
1569 1
1571 1
1572 1
1575 1
1577 1
1580 1
1585 1
1587 1
1590 1
1598 1
1599 1
1602 1
1604 1
1605 1
1606 1
1607 1
1611 1
1613 1
1617 1
1618 1
1621 1
1628 1
1629 1
1630 1
1634 1
1635 1
1637 1
1638 1
1643 1
1646 1
1647 1
1650 1
1651 1
1654 1
1659 1
1662 1
1664 1
1665 1
1666 1
1667 1
1668 1
1671 1
1675 1
1679 1
1681 1
1686 1
1692 1
1695 1
1703 1
1706 1
1710 1
1711 1
1713 1
1714 1
1715 1
1717 1
1719 1
1720 1
1728 1
1731 1
1735 1
1741 1
1749 1
1755 1
1758 1
1759 1
1760 1
1764 1
1770 1
1771 1
1772 1
1776 1
1778 1
1781 1
1782 1
1784 1
1787 1
1792 1
1794 1
1795 1
1799 1
1800 1
1803 1
1804 1
1805 1
1808 1
1815 1
1818 1
1820 1
1827 1
1828 1
1832 1
1833 1
1838 1
1841 1
1846 1
1850 1
1852 1
1855 1
1856 1
1858 1
1865 1
1867 1
1874 1
1875 1
1878 1
1881 1
1882 1
1883 1
1885 1
1886 1
1887 1
1888 1
1891 1
1892 1
1896 1
1900 1
1901 1
1902 1
1912 1
1913 1
1914 1
1916 1
1919 1
1923 1
1926 1
1929 1
1930 1
1935 1
1936 1
1937 1
1941 1
1949 1
1950 1
1958 1
1964 1
1968 1
1970 1
1971 1
1973 1
1974 1
1978 1
1980 1
1981 1
1985 1
1988 1
1989 1
1992 1
1993 1
1995 1
1996 1
2001 1
2002 1
2005 1
2006 1
2008 1
2010 1
2013 1
2015 1
2016 1
2032 1
2035 1
2036 1
2040 1
2041 1
2046 1
2053 1
2055 1
2056 1
2060 1
2063 1
2064 1
2065 1
2071 1
2072 1
2073 1
2074 1
2077 1
2079 1
2082 1
2083 1
2095 1
2099 1
2103 1
2108 1
2110 1
2114 1
2118 1
2120 1
2124 1
2130 1
2133 1
2136 1
2137 1
2142 1
2148 1
2151 1
2153 1
2164 1
2165 1
2167 1
2169 1
2173 1
2176 1
2182 1
2190 1
2193 1
2200 1
2211 1
2212 1
2216 1
2220 1
2222 1
2224 1
2225 1
2226 1
2227 1
2229 1
2233 1
2235 1
2238 1
2243 1
2245 1
2249 1
2252 1
2257 1
2265 1
2268 1
2270 1
2277 1
2279 1
2280 1
2287 1
2292 1
2297 1
2300 1
2301 1
2304 1
2309 1
2312 1
2315 1
2316 1
2321 1
2324 1
2325 1
2326 1
2329 1
2334 1
2338 1
2341 1
2348 1
2349 1
2350 1
2351 1
2352 1
2355 1
2359 1
2362 1
2366 1
2367 1
2369 1
2371 1
2373 1
2374 1
2381 1
2382 1
2386 1
2392 1
2400 1
2406 1
2407 1
2409 1
2413 1
2426 1
2432 1
2437 1
2440 1
2444 1
2447 1
2450 1
2454 1
2456 1
2463 1
2465 1
2467 1
2469 1
2470 1
2471 1
2472 1
2476 1
2477 1
2486 1
2489 1
2490 1
2491 1
2495 1
2497 1
2502 1
2507 1
2509 1
2516 1
2526 1
2535 1
2536 1
2537 1
2539 1
2541 1
2545 1
2552 1
2554 1
2555 1
2557 1
2565 1
2573 1
2574 1
2576 1
2577 1
2585 1
2590 1
2592 1
2593 1
2599 1
2600 1
2602 1
2605 1
2606 1
2607 1
2609 1
2613 1
2615 1
2639 1
2640 1
2643 1
2645 1
2646 1
2648 1
2649 1
2652 1
2656 1
2660 1
2661 1
2670 1
2672 1
2673 1
2678 1
2680 1
2684 1
2691 1
2694 1
2696 1
2703 1
2706 1
2709 1
2711 1
2712 1
2714 1
2719 1
2721 1
2724 1
2725 1
2727 1
2731 1
2732 1
2734 1
2735 1
2736 1
2741 1
2744 1
2745 1
2751 1
2752 1
2754 1
2759 1
2763 1
2767 1
2771 1
2775 1
2776 1
2778 1
2780 1
2784 1
2789 1
2790 1
2791 1
2792 1
2793 1
2796 1
2800 1
2805 1
2806 1
2807 1
2815 1
2817 1
2823 1
2826 1
2829 1
2832 1
2833 1
2835 1
2836 1
2839 1
2843 1
2847 1
2850 1
2851 1
2852 1
2853 1
2856 1
2858 1
2861 1
2868 1
2869 1
2870 1
2873 1
2876 1
2887 1
2888 1
2895 1
2898 1
2902 1
2905 1
2908 1
2910 1
2913 1
2919 1
2920 1
2921 1
2926 1
2928 1
2936 1
2937 1
2938 1
2949 1
2951 1
2956 1
2957 1
2958 1
2960 1
2962 1
2967 1
2968 1
2970 1
2971 1
2974 1
2978 1
2983 1
2984 1
2988 1
2989 1
2993 1
2997 1
2998 1
2999 1
3000 1
