4539
1
2
4
6
7
8
9
10
11
12
13
14
17
19
20
23
30
32
34
35
36
39
40
42
44
45
46
48
49
50
53
55
57
59
61
64
66
70
72
76
78
80
81
82
83
84
85
87
88
91
95
97
98
99
102
105
106
107
108
109
111
112
113
114
115
116
118
120
122
124
128
130
132
133
135
136
137
138
139
141
142
143
145
146
147
148
149
151
152
153
157
158
159
160
163
164
165
168
170
171
173
174
177
179
181
182
184
187
188
189
190
191
192
193
194
196
198
200
202
207
208
209
212
213
216
218
219
220
221
222
223
224
226
228
230
234
235
238
239
245
246
247
248
253
254
255
257
259
260
261
263
265
266
267
271
272
274
275
276
278
280
282
286
287
288
290
291
293
294
297
301
303
306
307
308
310
311
315
317
319
320
321
322
323
325
326
328
330
331
333
335
336
339
342
343
344
345
346
348
349
350
352
353
354
356
357
358
360
365
366
370
371
372
373
375
376
377
378
380
381
385
387
388
390
391
392
393
396
397
398
399
400
401
402
403
406
408
416
418
419
421
422
424
425
426
428
429
430
433
435
436
438
443
445
446
447
448
449
450
452
453
455
457
460
462
464
465
466
467
469
470
471
472
475
476
477
478
479
480
481
482
486
487
488
490
491
493
494
495
496
497
498
499
501
502
506
512
513
516
519
521
523
524
525
527
528
533
534
535
536
537
543
547
550
551
553
554
555
563
565
566
567
571
573
574
575
576
577
578
579
580
581
584
585
587
589
590
594
595
596
597
599
600
601
603
604
605
607
609
613
614
618
620
623
624
628
629
631
633
634
635
636
639
641
642
643
644
646
647
648
649
651
652
653
655
657
660
661
663
666
670
671
672
673
675
677
680
681
685
686
687
688
690
694
696
697
699
702
704
706
708
710
711
712
714
715
717
718
719
720
725
726
728
730
731
732
733
734
735
736
739
742
743
744
746
747
749
750
751
752
753
754
755
756
757
760
761
762
763
765
767
769
770
776
777
778
780
782
783
784
786
788
793
795
797
798
799
800
801
803
804
806
808
810
811
813
814
816
817
820
821
823
824
825
833
836
839
840
842
844
846
847
849
853
854
856
857
858
859
860
862
863
865
867
868
869
873
874
877
880
881
882
884
885
888
889
890
892
893
896
897
898
899
901
905
906
907
909
911
913
915
916
920
922
925
926
927
931
932
934
939
940
941
942
946
947
949
950
951
952
953
954
955
956
957
959
960
961
965
968
970
972
974
975
976
977
979
980
981
982
983
986
987
989
990
994
995
996
997
999
1001
1002
1003
1006
1008
1009
1011
1013
1015
1017
1018
1019
1022
1023
1024
1028
1029
1036
1037
1042
1043
1044
1045
1047
1049
1050
1051
1052
1054
1055
1057
1058
1060
1070
1072
1074
1078
1079
1081
1082
1084
1085
1086
1090
1095
1096
1102
1103
1104
1107
1110
1111
1112
1113
1116
1117
1118
1121
1122
1123
1124
1125
1126
1128
1130
1134
1136
1139
1140
1141
1143
1144
1145
1149
1150
1151
1152
1154
1155
1156
1157
1158
1160
1162
1163
1165
1167
1168
1169
1170
1172
1174
1176
1177
1179
1180
1183
1184
1186
1187
1189
1191
1193
1194
1195
1196
1197
1198
1199
1201
1202
1203
1204
1205
1207
1208
1211
1212
1214
1215
1216
1217
1218
1221
1222
1224
1227
1229
1231
1232
1233
1234
1235
1236
1238
1239
1240
1244
1245
1247
1248
1250
1253
1254
1255
1256
1257
1258
1263
1265
1266
1267
1268
1270
1271
1272
1274
1275
1276
1278
1279
1281
1282
1283
1284
1285
1290
1291
1292
1293
1295
1297
1299
1300
1305
1306
1308
1310
1311
1312
1315
1320
1321
1322
1323
1325
1328
1329
1332
1333
1335
1336
1337
1338
1339
1340
1341
1343
1344
1346
1347
1351
1353
1355
1357
1358
1359
1360
1363
1364
1365
1367
1371
1372
1375
1380
1381
1382
1384
1386
1387
1388
1389
1390
1393
1394
1395
1398
1400
1401
1402
1405
1406
1407
1408
1409
1410
1413
1417
1418
1419
1420
1422
1423
1429
1430
1431
1432
1439
1441
1442
1446
1447
1448
1449
1450
1452
1454
1459
1460
1462
1463
1465
1466
1467
1468
1469
1470
1472
1475
1477
1479
1481
1483
1484
1485
1488
1492
1493
1494
1497
1503
1505
1506
1508
1509
1511
1513
1514
1516
1518
1520
1521
1522
1524
1526
1528
1530
1531
1534
1535
1536
1539
1540
1541
1543
1544
1545
1546
1547
1548
1550
1551
1552
1556
1557
1559
1562
1563
1565
1567
1568
1569
1571
1573
1574
1576
1577
1578
1579
1581
1583
1587
1588
1591
1593
1598
1599
1600
1601
1602
1603
1604
1605
1608
1609
1610
1612
1614
1615
1616
1617
1618
1619
1620
1621
1622
1624
1625
1626
1627
1628
1629
1633
1634
1635
1637
1638
1640
1642
1647
1649
1650
1652
1654
1656
1658
1659
1664
1666
1668
1674
1675
1677
1681
1684
1685
1686
1687
1688
1692
1693
1697
1701
1703
1704
1708
1709
1710
1712
1716
1717
1718
1720
1722
1724
1725
1728
1729
1730
1731
1732
1733
1734
1737
1738
1739
1743
1744
1745
1747
1748
1750
1752
1754
1755
1756
1757
1759
1761
1762
1764
1765
1766
1767
1768
1770
1772
1773
1774
1781
1782
1784
1786
1787
1789
1791
1795
1797
1800
1801
1803
1807
1808
1809
1810
1811
1812
1813
1814
1815
1816
1817
1819
1822
1823
1824
1825
1826
1827
1828
1830
1833
1834
1835
1837
1838
1839
1841
1843
1845
1846
1847
1849
1850
1851
1852
1854
1855
1856
1857
1858
1860
1863
1864
1866
1867
1870
1871
1872
1873
1876
1878
1879
1880
1883
1886
1887
1888
1889
1890
1892
1894
1895
1896
1899
1901
1902
1903
1906
1913
1915
1916
1917
1919
1922
1923
1924
1925
1926
1927
1928
1929
1930
1931
1932
1934
1936
1938
1941
1944
1946
1951
1953
1954
1955
1956
1957
1958
1959
1960
1961
1964
1965
1966
1970
1971
1972
1974
1976
1977
1981
1982
1986
1988
1989
1992
1995
1996
1997
1998
1999
2000
2001
2002
2004
2007
2009
2010
2012
2014
2015
2016
2018
2019
2021
2022
2023
2024
2025
2026
2028
2029
2030
2031
2034
2036
2037
2038
2040
2045
2047
2049
2050
2051
2052
2053
2055
2056
2057
2059
2060
2061
2062
2067
2069
2070
2072
2073
2074
2076
2078
2079
2080
2081
2082
2083
2086
2087
2088
2089
2090
2091
2092
2093
2094
2097
2098
2099
2100
2101
2102
2103
2104
2105
2108
2111
2113
2114
2115
2117
2118
2119
2121
2125
2128
2129
2131
2135
2137
2139
2142
2145
2146
2147
2149
2150
2151
2152
2154
2157
2158
2160
2161
2164
2165
2168
2169
2170
2172
2177
2178
2179
2181
2184
2186
2187
2188
2189
2191
2192
2196
2197
2199
2202
2203
2204
2205
2206
2207
2209
2210
2211
2212
2214
2215
2216
2217
2219
2220
2221
2222
2223
2225
2226
2228
2229
2231
2232
2233
2234
2237
2239
2240
2241
2242
2243
2245
2246
2248
2250
2251
2252
2253
2255
2257
2259
2260
2261
2262
2263
2264
2265
2268
2269
2274
2275
2276
2279
2282
2283
2285
2286
2288
2289
2290
2292
2293
2294
2297
2298
2299
2300
2301
2302
2304
2305
2306
2308
2309
2310
2315
2316
2318
2319
2321
2325
2327
2329
2331
2332
2334
2335
2336
2338
2346
2348
2349
2352
2353
2355
2356
2360
2361
2364
2366
2368
2369
2370
2371
2372
2373
2374
2375
2376
2377
2378
2379
2383
2385
2386
2387
2388
2391
2392
2393
2394
2396
2398
2400
2401
2403
2404
2405
2406
2408
2409
2411
2413
2414
2416
2418
2419
2421
2422
2423
2425
2427
2428
2429
2430
2433
2434
2438
2441
2443
2444
2445
2446
2447
2448
2449
2450
2451
2452
2454
2455
2456
2457
2459
2461
2462
2463
2465
2466
2467
2472
2473
2474
2475
2476
2477
2482
2483
2485
2488
2489
2490
2492
2494
2495
2498
2499
2501
2502
2505
2506
2513
2514
2515
2517
2521
2523
2524
2525
2528
2529
2530
2531
2532
2533
2535
2536
2537
2539
2541
2542
2543
2544
2545
2546
2547
2548
2550
2551
2552
2553
2556
2559
2560
2562
2566
2567
2568
2569
2570
2572
2573
2575
2576
2580
2581
2582
2584
2585
2587
2588
2589
2590
2594
2596
2597
2598
2599
2600
2601
2602
2604
2605
2606
2608
2610
2612
2616
2617
2618
2623
2625
2627
2628
2629
2632
2633
2634
2638
2640
2641
2644
2645
2646
2649
2650
2652
2656
2658
2660
2661
2663
2664
2668
2670
2673
2674
2675
2678
2679
2681
2684
2687
2692
2693
2696
2699
2701
2702
2703
2704
2705
2706
2707
2709
2711
2715
2720
2721
2725
2726
2727
2728
2729
2735
2736
2737
2738
2739
2740
2742
2743
2744
2745
2749
2750
2753
2757
2760
2761
2762
2765
2766
2768
2770
2771
2773
2774
2775
2779
2780
2781
2783
2785
2786
2788
2789
2790
2793
2796
2797
2799
2801
2802
2803
2804
2805
2807
2808
2811
2813
2816
2817
2818
2819
2823
2826
2829
2831
2833
2835
2836
2837
2839
2840
2841
2842
2844
2845
2846
2851
2852
2853
2857
2858
2860
2862
2863
2868
2871
2872
2877
2879
2880
2883
2884
2885
2887
2888
2889
2890
2893
2895
2896
2897
2898
2899
2900
2904
2916
2919
2920
2924
2927
2929
2930
2935
2936
2941
2943
2945
2946
2948
2951
2952
2953
2955
2956
2960
2963
2965
2966
2967
2968
2969
2971
2972
2973
2975
2978
2979
2981
2983
2984
2985
2986
2987
2991
2992
2993
2994
2995
2997
2998
3000
3001
3002
3004
3005
3006
3007
3008
3009
3012
3013
3014
3016
3017
3018
3019
3020
3021
3023
3024
3025
3026
3027
3029
3031
3032
3033
3034
3036
3037
3039
3042
3045
3049
3051
3053
3055
3058
3061
3062
3063
3064
3067
3068
3069
3071
3072
3073
3076
3078
3081
3082
3083
3084
3085
3086
3087
3090
3097
3098
3099
3100
3102
3103
3104
3106
3108
3110
3111
3114
3115
3117
3119
3121
3122
3123
3125
3126
3128
3129
3130
3131
3134
3137
3138
3141
3143
3144
3145
3146
3147
3149
3150
3151
3153
3155
3156
3157
3158
3159
3160
3161
3162
3163
3165
3167
3168
3170
3171
3174
3175
3177
3178
3179
3180
3181
3182
3186
3188
3189
3193
3194
3195
3197
3200
3201
3202
3204
3205
3206
3208
3209
3212
3213
3214
3217
3218
3219
3221
3222
3223
3224
3226
3228
3229
3232
3234
3235
3237
3239
3240
3243
3244
3245
3246
3247
3248
3249
3250
3253
3255
3256
3259
3261
3262
3263
3264
3265
3268
3269
3270
3271
3272
3273
3274
3277
3278
3281
3284
3286
3289
3290
3291
3293
3295
3297
3303
3304
3305
3309
3312
3314
3315
3316
3317
3318
3320
3322
3327
3328
3329
3331
3332
3334
3335
3337
3339
3341
3342
3346
3347
3353
3354
3355
3357
3358
3360
3361
3363
3364
3368
3369
3370
3371
3375
3377
3378
3379
3383
3384
3386
3389
3390
3391
3392
3393
3394
3396
3400
3402
3405
3406
3407
3409
3411
3413
3414
3415
3416
3420
3422
3423
3425
3427
3429
3431
3433
3434
3435
3438
3439
3440
3442
3443
3444
3446
3447
3449
3450
3451
3452
3453
3454
3456
3457
3458
3459
3461
3463
3464
3465
3466
3467
3468
3469
3471
3474
3475
3476
3477
3478
3480
3481
3482
3483
3484
3485
3487
3488
3489
3491
3496
3497
3498
3499
3500
3501
3503
3508
3509
3510
3511
3512
3513
3516
3517
3518
3521
3523
3524
3527
3529
3530
3531
3532
3533
3534
3536
3539
3540
3541
3543
3547
3548
3550
3552
3554
3555
3556
3557
3558
3559
3560
3561
3564
3565
3566
3568
3570
3573
3577
3578
3579
3583
3584
3589
3590
3594
3596
3598
3599
3603
3604
3605
3606
3608
3609
3611
3613
3614
3615
3617
3618
3620
3622
3624
3625
3626
3627
3628
3630
3631
3636
3639
3641
3642
3643
3644
3645
3646
3651
3652
3655
3657
3659
3660
3662
3667
3669
3672
3674
3675
3678
3679
3681
3683
3684
3685
3687
3688
3689
3690
3692
3693
3694
3695
3697
3699
3701
3702
3703
3704
3705
3709
3710
3711
3712
3713
3715
3716
3720
3721
3722
3724
3727
3728
3730
3731
3733
3734
3736
3739
3740
3743
3744
3745
3746
3749
3750
3751
3752
3753
3754
3755
3756
3758
3761
3762
3763
3764
3766
3768
3770
3777
3778
3782
3783
3786
3788
3790
3792
3798
3802
3803
3805
3806
3807
3808
3809
3811
3812
3813
3814
3816
3817
3818
3819
3820
3821
3822
3823
3827
3828
3830
3831
3832
3834
3837
3838
3843
3844
3846
3847
3848
3849
3850
3852
3853
3854
3855
3856
3858
3859
3864
3867
3869
3870
3871
3872
3875
3876
3878
3879
3881
3882
3884
3887
3888
3891
3898
3899
3901
3903
3904
3906
3908
3909
3911
3914
3915
3917
3918
3920
3922
3924
3925
3927
3928
3929
3933
3934
3935
3937
3938
3939
3941
3943
3944
3945
3946
3947
3948
3951
3956
3960
3963
3964
3965
3966
3968
3970
3971
3972
3973
3976
3977
3983
3985
3987
3989
3991
3992
3993
3994
3996
3997
3999
4001
4002
4003
4004
4005
4007
4010
4011
4012
4013
4014
4015
4016
4017
4018
4020
4021
4022
4024
4027
4029
4030
4032
4034
4035
4036
4037
4038
4040
4041
4042
4044
4047
4048
4049
4050
4051
4052
4053
4054
4055
4056
4057
4060
4061
4062
4063
4064
4068
4070
4071
4072
4073
4074
4076
4077
4080
4082
4084
4085
4087
4089
4090
4092
4094
4095
4096
4097
4099
4100
4101
4102
4104
4105
4106
4109
4110
4111
4112
4113
4115
4118
4119
4128
4129
4130
4133
4134
4135
4138
4139
4140
4142
4144
4146
4147
4148
4149
4150
4151
4155
4156
4158
4160
4161
4162
4164
4165
4167
4168
4169
4172
4176
4177
4178
4179
4180
4181
4183
4185
4186
4188
4189
4190
4192
4193
4195
4196
4198
4199
4201
4202
4203
4208
4209
4210
4211
4213
4214
4216
4217
4225
4226
4227
4233
4234
4237
4238
4239
4240
4242
4243
4244
4245
4247
4249
4254
4255
4256
4257
4258
4261
4262
4263
4265
4269
4270
4273
4274
4275
4276
4278
4279
4280
4283
4286
4287
4288
4289
4290
4294
4295
4297
4298
4299
4300
4302
4303
4304
4305
4308
4309
4310
4311
4312
4313
4315
4316
4318
4319
4320
4322
4323
4328
4329
4331
4332
4333
4337
4339
4340
4343
4344
4350
4352
4353
4355
4358
4359
4362
4363
4364
4366
4367
4368
4369
4371
4372
4373
4375
4377
4378
4380
4381
4382
4385
4387
4388
4389
4390
4392
4394
4397
4401
4402
4406
4407
4409
4413
4414
4416
4419
4420
4423
4424
4425
4431
4433
4434
4435
4437
4438
4439
4442
4446
4447
4448
4449
4450
4451
4452
4453
4454
4455
4457
4458
4461
4463
4464
4466
4468
4469
4471
4472
4474
4475
4476
4479
4480
4481
4482
4483
4486
4487
4488
4491
4492
4493
4494
4496
4497
4499
4502
4503
4504
4505
4506
4509
4511
4512
4513
4515
4518
4519
4521
4522
4526
4528
4531
4535
4537
4542
4543
4544
4546
4548
4549
4550
4551
4553
4554
4555
4556
4557
4560
4561
4563
4564
4565
4566
4568
4570
4571
4573
4579
4582
4584
4586
4588
4589
4590
4595
4596
4597
4599
4600
4602
4604
4605
4607
4608
4609
4611
4613
4615
4616
4617
4618
4619
4620
4623
4625
4626
4627
4628
4629
4630
4632
4633
4634
4636
4637
4638
4639
4642
4644
4646
4649
4650
4653
4656
4657
4658
4660
4666
4669
4673
4674
4675
4676
4679
4680
4682
4683
4685
4687
4689
4690
4691
4693
4694
4696
4697
4698
4703
4704
4707
4708
4711
4712
4713
4715
4716
4717
4719
4723
4724
4725
4726
4727
4730
4731
4732
4735
4737
4742
4743
4745
4746
4748
4749
4750
4752
4755
4756
4757
4759
4760
4761
4763
4766
4767
4768
4769
4772
4773
4774
4775
4777
4778
4779
4780
4782
4783
4784
4785
4786
4788
4789
4791
4792
4793
4794
4795
4797
4798
4799
4800
4802
4803
4805
4808
4809
4810
4813
4814
4816
4818
4822
4823
4825
4826
4829
4832
4833
4839
4841
4842
4845
4846
4847
4848
4851
4856
4857
4858
4859
4860
4861
4864
4867
4869
4870
4871
4873
4877
4878
4879
4880
4881
4882
4883
4884
4886
4888
4889
4890
4891
4892
4893
4895
4901
4902
4903
4904
4905
4906
4907
4908
4909
4911
4912
4913
4914
4915
4916
4917
4918
4919
4921
4922
4923
4926
4927
4928
4930
4931
4932
4934
4936
4937
4940
4944
4946
4947
4948
4950
4952
4954
4955
4956
4957
4958
4959
4962
4964
4965
4966
4967
4970
4971
4972
4973
4974
4975
4978
4981
4982
4984
4985
4987
4988
4989
4990
4994
4996
4997
4999
5001
5002
5005
5006
5008
5009
5011
5012
5013
5014
5015
5016
5018
5020
5021
5022
5023
5025
5028
5029
5030
5031
5032
5034
5036
5039
5044
5046
5047
5049
5050
5051
5052
5056
5057
5058
5059
5061
5063
5064
5065
5066
5068
5069
5071
5072
5073
5075
5076
5077
5081
5082
5085
5086
5090
5091
5092
5093
5094
5095
5098
5099
5100
5101
5104
5108
5109
5111
5117
5120
5126
5128
5129
5131
5134
5135
5136
5137
5139
5140
5141
5142
5144
5146
5147
5150
5152
5153
5154
5158
5159
5161
5162
5163
5166
5167
5170
5171
5175
5176
5178
5180
5182
5183
5184
5185
5186
5187
5191
5192
5193
5195
5196
5197
5201
5202
5205
5206
5208
5209
5210
5213
5214
5215
5216
5217
5221
5222
5223
5224
5227
5229
5234
5235
5236
5237
5239
5240
5242
5246
5247
5248
5252
5255
5259
5260
5261
5263
5264
5267
5270
5271
5272
5273
5274
5275
5277
5278
5280
5283
5285
5286
5287
5288
5289
5291
5292
5293
5295
5297
5298
5299
5305
5306
5307
5309
5313
5314
5315
5318
5321
5322
5323
5324
5327
5328
5330
5331
5335
5337
5339
5340
5342
5344
5347
5349
5351
5352
5353
5355
5356
5358
5361
5363
5364
5365
5367
5368
5369
5370
5372
5376
5379
5381
5382
5383
5384
5389
5390
5395
5397
5399
5400
5402
5403
5404
5406
5409
5411
5412
5415
5416
5418
5419
5420
5421
5422
5423
5424
5426
5427
5429
5433
5436
5437
5439
5442
5443
5444
5445
5446
5448
5449
5451
5452
5453
5454
5455
5457
5458
5460
5462
5463
5465
5466
5468
5471
5474
5475
5476
5479
5481
5482
5483
5484
5485
5488
5489
5496
5497
5498
5499
5500
5501
5502
5503
5505
5507
5509
5512
5513
5517
5518
5519
5520
5521
5523
5524
5525
5526
5531
5532
5533
5535
5536
5538
5540
5545
5546
5549
5553
5554
5555
5556
5559
5560
5561
5563
5566
5569
5571
5572
5573
5577
5578
5579
5580
5583
5585
5586
5588
5593
5594
5596
5600
5601
5603
5605
5606
5607
5608
5612
5613
5614
5616
5617
5619
5620
5621
5623
5627
5630
5631
5632
5633
5634
5635
5636
5637
5640
5641
5644
5646
5647
5653
5654
5655
5656
5657
5658
5659
5660
5662
5663
5664
5665
5666
5668
5670
5671
5672
5673
5675
5677
5678
5680
5682
5684
5685
5686
5687
5688
5689
5691
5695
5696
5698
5699
5702
5703
5706
5709
5710
5713
5718
5720
5722
5724
5726
5728
5732
5733
5734
5735
5736
5737
5738
5739
5740
5742
5743
5745
5746
5748
5749
5752
5754
5755
5757
5758
5760
5761
5762
5767
5769
5771
5772
5774
5775
5776
5777
5778
5779
5781
5782
5783
5784
5787
5788
5789
5793
5796
5797
5801
5802
5803
5804
5805
5806
5807
5810
5811
5812
5813
5814
5817
5819
5822
5824
5826
5827
5829
5830
5836
5837
5838
5839
5840
5841
5845
5846
5848
5849
5850
5851
5855
5856
5857
5859
5861
5864
5865
5866
5867
5869
5870
5871
5873
5879
5882
5884
5885
5886
5887
5889
5890
5891
5894
5896
5897
5898
5901
5902
5905
5907
5909
5910
5911
5912
5913
5914
5915
5919
5920
5923
5924
5926
5927
5929
5930
5932
5937
5938
5951
5955
5956
5960
5961
5962
5963
5964
5965
5966
5970
5972
5973
5975
5976
5978
5979
5980
5982
5983
5984
5985
5986
5991
5993
5994
5995
5996
5998
6000
6001
6002
6003
6004
6005
6006
6007
6010
6013
6014
6016
6018
6019
6020
6021
6022
6023
6024
6025
6027
6028
6030
6036
6042
6043
6044
6045
6047
6048
6050
6051
6052
6056
6058
6061
6062
6064
6066
6069
6070
6072
6073
6074
6076
6079
6080
6081
6084
6085
6087
6089
6090
6091
6092
6093
6095
6096
6097
6099
6100
6101
6102
6103
6105
6106
6108
6109
6111
6112
6113
6114
6117
6118
6120
6121
6122
6123
6126
6127
6129
6131
6133
6135
6138
6144
6145
6146
6147
6148
6150
6151
6152
6153
6154
6156
6157
6158
6160
6161
6163
6164
6166
6167
6168
6170
6171
6174
6175
6176
6179
6181
6184
6185
6188
6190
6191
6193
6194
6196
6200
6204
6205
6206
6207
6208
6209
6212
6215
6216
6217
6218
6221
6222
6223
6225
6226
6228
6229
6232
6236
6240
6243
6244
6245
6246
6247
6248
6252
6253
6255
6256
6258
6259
6260
6263
6264
6265
6266
6267
6269
6270
6273
6274
6275
6276
6277
6278
6279
6282
6283
6284
6285
6286
6287
6289
6290
6293
6297
6299
6301
6302
6303
6306
6307
6309
6310
6311
6312
6314
6321
6324
6325
6326
6327
6328
6329
6330
6331
6332
6333
6334
6335
6337
6338
6339
6340
6342
6343
6345
6347
6348
6349
6350
6351
6352
6354
6355
6356
6357
6360
6361
6362
6363
6364
6365
6366
6367
6368
6369
6370
6371
6373
6374
6376
6378
6379
6380
6381
6382
6383
6385
6386
6389
6390
6391
6393
6394
6396
6397
6401
6403
6405
6406
6407
6408
6409
6410
6412
6414
6415
6416
6417
6420
6421
6423
6426
6430
6433
6435
6437
6440
6441
6444
6446
6447
6449
6451
6453
6455
6457
6458
6460
6462
6463
6464
6467
6468
6470
6471
6476
6477
6478
6479
6480
6482
6483
6485
6486
6491
6493
6494
6495
6496
6497
6498
6500
6501
6502
6503
6507
6511
6512
6513
6516
6517
6520
6521
6523
6525
6527
6528
6530
6532
6533
6534
6538
6539
6541
6542
6544
6547
6549
6551
6552
6553
6554
6555
6557
6560
6561
6564
6565
6566
6567
6568
6570
6573
6574
6575
6579
6580
6581
6584
6585
6586
6588
6591
6592
6593
6595
6598
6599
6601
6602
6604
6606
6610
6613
6617
6618
6620
6621
6623
6624
6625
6626
6630
6631
6632
6634
6636
6637
6638
6639
6641
6643
6645
6646
6647
6651
6652
6654
6656
6657
6659
6662
6663
6665
6666
6668
6672
6673
6674
6675
6677
6679
6680
6681
6682
6685
6686
6689
6690
6691
6693
6695
6696
6697
6699
6701
6703
6704
6709
6710
6713
6717
6718
6719
6721
6722
6724
6725
6727
6728
6732
6736
6739
6740
6742
6744
6746
6748
6749
6752
6753
6754
6757
6758
6760
6761
6762
6765
6767
6768
6769
6770
6771
6772
6773
6776
6779
6780
6781
6782
6783
6784
6785
6786
6788
6794
6795
6796
6797
6798
6799
6800
6802
6803
6804
6805
6806
6807
6808
6809
6811
6813
6818
6819
6820
6821
6822
6823
6826
6827
6829
6831
6832
6833
6834
6836
6837
6839
6841
6842
6843
6844
6847
6848
6849
6851
6852
6853
6854
6855
6856
6857
6859
6860
6862
6867
6868
6869
6873
6874
6876
6878
6879
6881
6883
6884
6886
6887
6888
6889
6890
6891
6892
6893
6894
6899
6900
6902
6903
6905
6906
6911
6914
6915
6916
6917
6918
6919
6920
6922
6925
6928
6930
6931
6932
6933
6935
6936
6937
6938
6939
6940
6941
6942
6943
6945
6947
6949
6950
6951
6954
6956
6959
6961
6962
6964
6965
6968
6973
6974
6975
6976
6977
6981
6982
6984
6985
6988
6989
6991
6993
6995
6997
6998
7000
7002
7003
7007
7008
7009
7010
7011
7013
7014
7017
7019
7020
7024
7026
7027
7028
7030
7038
7039
7040
7043
7044
7047
7049
7050
7052
7053
7054
7058
7061
7063
7064
7066
7067
7071
7072
7073
7081
7082
7083
7084
7086
7087
7088
7089
7090
7095
7097
7098
7100
7103
7105
7110
7111
7114
7115
7117
7119
7123
7124
7125
7126
7127
7128
7129
7131
7133
7134
7135
7137
7143
7145
7146
7147
7148
7150
7152
7154
7155
7156
7160
7163
7164
7165
7168
7169
7171
7172
7177
7178
7184
7185
7186
7189
7191
7192
7193
7194
7196
7197
7199
7200
7201
7203
7204
7207
7212
7215
7216
7217
7218
7219
7221
7222
7223
7225
7228
7230
7231
7232
7234
7237
7238
7243
7244
7246
7247
7248
7249
7252
7254
7258
7259
7262
7265
7267
7271
7272
7273
7276
7278
7281
7283
7284
7285
7286
7288
7289
7290
7291
7293
7294
7295
7296
7297
7298
7299
7300
7302
7304
7306
7307
7308
7310
7312
7313
7316
7317
7318
7321
7322
7323
7324
7326
7328
7330
7331
7332
7333
7334
7337
7339
7340
7342
7344
7345
7347
7348
7349
7353
7354
7355
7356
7357
7362
7364
7365
7367
7368
7369
7374
7375
7376
7379
7380
7381
7382
7383
7385
7386
7388
7391
7392
7393
7394
7395
7400
7402
7404
7405
7406
7408
7409
7410
7411
7412
7413
7414
7415
7416
7417
7418
7419
7423
7424
7426
7430
7431
7432
7433
7434
7435
7437
7438
7440
7441
7443
7444
7446
7447
7448
7449
7451
7452
7453
7454
7456
7457
7458
7459
7461
7462
7465
7468
7470
7475
7480
7481
7482
7483
7484
7486
7488
7489
7492
7493
7495
7496
7497
7498
7503
7505
7506
7507
7508
7509
7510
7511
7512
7515
7516
7521
7522
7525
7526
7527
7529
7530
7531
7532
7533
7534
7535
7537
7538
7542
7545
7547
7548
7549
7550
7551
7552
7554
7556
7559
7560
7561
7563
7564
7565
7567
7568
7569
7570
7574
7575
7576
7578
7579
7580
7582
7586
7590
7592
7593
7596
7597
7598
7599
7600
7604
7605
7609
7611
7612
7613
7615
7617
7620
7621
7622
7623
7624
7627
7630
7631
7633
7636
7637
7642
7644
7646
7647
7649
7650
7651
7652
7653
7654
7655
7656
7659
7661
7662
7663
7665
7666
7667
7668
7669
7671
7673
7674
7678
7679
7680
7681
7683
7685
7686
7688
7689
7691
7693
7694
7695
7696
7702
7703
7704
7705
7706
7708
7711
7712
7713
7714
7715
7716
7717
7719
7720
7721
7723
7724
7725
7726
7727
7728
7729
7730
7731
7732
7734
7735
7737
7739
7740
7742
7743
7744
7747
7749
7752
7753
7754
7756
7757
7758
7759
7760
7761
7763
7764
7765
7766
7767
7768
7771
7772
7774
7775
7778
7780
7781
7782
7783
7785
7786
7787
7789
7790
7792
7796
7798
7799
7802
7804
7805
7810
7811
