0 0
1 0
2 0
3 0
4 0
5 0
6 0
7 0
8 0
9 0
10 0
11 0
12 0
13 0
14 0
15 0
16 0
17 0
18 0
19 0
20 0
21 0
22 0
23 0
24 0
25 0
26 0
27 0
28 0
29 0
30 0
31 0
32 0
33 0
34 0
35 0
36 0
37 0
38 0
39 0
40 0
41 0
42 0
43 0
44 0
45 0
46 0
47 0
48 6
49 6
50 6
51 6
52 6
53 6
54 6
55 6
56 6
57 6
58 6
59 6
60 6
61 6
62 6
63 6
64 12
65 12
66 12
67 12
68 12
69 12
70 12
71 12
72 12
73 12
74 12
75 12
76 12
77 12
78 12
79 12
80 18
81 18
82 18
83 18
84 18
85 18
86 18
87 18
88 18
89 18
90 18
91 18
92 18
93 18
94 18
95 18
96 24
97 24
98 24
99 24
100 24
101 24
102 24
103 24
104 24
105 24
106 24
107 24
108 24
109 24
110 24
111 24
112 30
113 30
114 30
115 30
116 30
117 30
118 30
119 30
120 30
121 30
122 30
123 30
124 30
125 30
126 30
127 30
128 36
129 36
130 36
131 36
132 36
133 36
134 36
135 36
136 36
137 36
138 36
139 36
140 36
141 36
142 36
143 36
144 42
145 42
146 42
147 42
148 42
149 42
150 42
151 42
152 42
153 42
154 42
155 42
156 42
157 42
158 42
159 42
160 48
161 48
162 48
163 48
164 48
165 48
166 48
167 48
168 48
169 48
170 48
171 48
172 48
173 48
174 48
175 48
176 54
177 54
178 54
179 54
180 54
181 54
182 54
183 54
184 54
185 54
186 54
187 54
188 54
189 54
190 54
191 54
192 60
193 60
194 60
195 60
196 60
197 60
198 60
199 60
0
