34 33 -1 -1 -1 -1 -1 -1 -1 -1 
33 -1 -1 -1 -1 -1 -1 -1 -1 -1 
-1 -1 -1 -1 -1 -1 -1 -1 -1 -1 
-1 -1 -1 -1 -1 -1 -1 -1 -1 -1 
-1 -1 -1 -1 -1 -1 -1 -1 -1 -1 
-1 -1 -1 -1 -1 -1 -1 -1 -1 -1 
-1 -1 -1 -1 -1 -1 -1 -1 -1 -1 
-1 -1 -1 -1 -1 -1 -1 -1 -1 -1 
-1 -1 -1 -1 -1 -1 -1 -1 -1 -1 
-1 -1 -1 -1 -1 -1 -1 -1 -1 -1 

34 33 32 -1 -1 -1 -1 -1 -1 -1 
33 34 -1 -1 -1 -1 -1 -1 -1 -1 
-1 -1 -1 -1 -1 -1 -1 -1 -1 -1 
-1 -1 -1 -1 -1 -1 -1 -1 -1 -1 
-1 -1 -1 -1 -1 -1 -1 -1 -1 -1 
-1 -1 -1 -1 -1 -1 -1 -1 -1 -1 
-1 -1 -1 -1 -1 -1 -1 -1 -1 -1 
-1 -1 -1 -1 -1 -1 -1 -1 -1 -1 
-1 -1 -1 -1 -1 -1 -1 -1 -1 -1 
-1 -1 -1 -1 -1 -1 -1 -1 -1 -1 

34 33 32 -1 -1 -1 -1 -1 -1 -1 
33 34 -1 -1 -1 -1 -1 -1 -1 -1 
34 -1 -1 -1 -1 -1 -1 -1 -1 -1 
-1 -1 -1 -1 -1 -1 -1 -1 -1 -1 
-1 -1 -1 -1 -1 -1 -1 -1 -1 -1 
-1 -1 -1 -1 -1 -1 -1 -1 -1 -1 
-1 -1 -1 -1 -1 -1 -1 -1 -1 -1 
-1 -1 -1 -1 -1 -1 -1 -1 -1 -1 
-1 -1 -1 -1 -1 -1 -1 -1 -1 -1 
-1 -1 -1 -1 -1 -1 -1 -1 -1 -1 

34 33 32 31 -1 -1 -1 -1 -1 -1 
33 34 31 -1 -1 -1 -1 -1 -1 -1 
34 -1 -1 -1 -1 -1 -1 -1 -1 -1 
-1 -1 -1 -1 -1 -1 -1 -1 -1 -1 
-1 -1 -1 -1 -1 -1 -1 -1 -1 -1 
-1 -1 -1 -1 -1 -1 -1 -1 -1 -1 
-1 -1 -1 -1 -1 -1 -1 -1 -1 -1 
-1 -1 -1 -1 -1 -1 -1 -1 -1 -1 
-1 -1 -1 -1 -1 -1 -1 -1 -1 -1 
-1 -1 -1 -1 -1 -1 -1 -1 -1 -1 

34 33 32 31 -1 -1 -1 -1 -1 -1 
33 34 33 -1 -1 -1 -1 -1 -1 -1 
34 33 -1 -1 -1 -1 -1 -1 -1 -1 
-1 -1 -1 -1 -1 -1 -1 -1 -1 -1 
-1 -1 -1 -1 -1 -1 -1 -1 -1 -1 
-1 -1 -1 -1 -1 -1 -1 -1 -1 -1 
-1 -1 -1 -1 -1 -1 -1 -1 -1 -1 
-1 -1 -1 -1 -1 -1 -1 -1 -1 -1 
-1 -1 -1 -1 -1 -1 -1 -1 -1 -1 
-1 -1 -1 -1 -1 -1 -1 -1 -1 -1 

34 33 32 31 -1 -1 -1 -1 -1 -1 
33 34 33 -1 -1 -1 -1 -1 -1 -1 
34 33 -1 -1 -1 -1 -1 -1 -1 -1 
33 -1 -1 -1 -1 -1 -1 -1 -1 -1 
-1 -1 -1 -1 -1 -1 -1 -1 -1 -1 
-1 -1 -1 -1 -1 -1 -1 -1 -1 -1 
-1 -1 -1 -1 -1 -1 -1 -1 -1 -1 
-1 -1 -1 -1 -1 -1 -1 -1 -1 -1 
-1 -1 -1 -1 -1 -1 -1 -1 -1 -1 
-1 -1 -1 -1 -1 -1 -1 -1 -1 -1 

34 33 32 31 30 -1 -1 -1 -1 -1 
33 34 33 30 -1 -1 -1 -1 -1 -1 
34 33 -1 -1 -1 -1 -1 -1 -1 -1 
33 -1 -1 -1 -1 -1 -1 -1 -1 -1 
-1 -1 -1 -1 -1 -1 -1 -1 -1 -1 
-1 -1 -1 -1 -1 -1 -1 -1 -1 -1 
-1 -1 -1 -1 -1 -1 -1 -1 -1 -1 
-1 -1 -1 -1 -1 -1 -1 -1 -1 -1 
-1 -1 -1 -1 -1 -1 -1 -1 -1 -1 
-1 -1 -1 -1 -1 -1 -1 -1 -1 -1 

34 33 32 31 30 -1 -1 -1 -1 -1 
33 34 33 32 -1 -1 -1 -1 -1 -1 
34 33 32 -1 -1 -1 -1 -1 -1 -1 
33 -1 -1 -1 -1 -1 -1 -1 -1 -1 
-1 -1 -1 -1 -1 -1 -1 -1 -1 -1 
-1 -1 -1 -1 -1 -1 -1 -1 -1 -1 
-1 -1 -1 -1 -1 -1 -1 -1 -1 -1 
-1 -1 -1 -1 -1 -1 -1 -1 -1 -1 
-1 -1 -1 -1 -1 -1 -1 -1 -1 -1 
-1 -1 -1 -1 -1 -1 -1 -1 -1 -1 

34 33 32 31 30 -1 -1 -1 -1 -1 
33 34 33 32 -1 -1 -1 -1 -1 -1 
34 33 32 -1 -1 -1 -1 -1 -1 -1 
33 32 -1 -1 -1 -1 -1 -1 -1 -1 
-1 -1 -1 -1 -1 -1 -1 -1 -1 -1 
-1 -1 -1 -1 -1 -1 -1 -1 -1 -1 
-1 -1 -1 -1 -1 -1 -1 -1 -1 -1 
-1 -1 -1 -1 -1 -1 -1 -1 -1 -1 
-1 -1 -1 -1 -1 -1 -1 -1 -1 -1 
-1 -1 -1 -1 -1 -1 -1 -1 -1 -1 

34 33 32 31 30 -1 -1 -1 -1 -1 
33 34 33 32 -1 -1 -1 -1 -1 -1 
34 33 32 -1 -1 -1 -1 -1 -1 -1 
33 32 -1 -1 -1 -1 -1 -1 -1 -1 
32 -1 -1 -1 -1 -1 -1 -1 -1 -1 
-1 -1 -1 -1 -1 -1 -1 -1 -1 -1 
-1 -1 -1 -1 -1 -1 -1 -1 -1 -1 
-1 -1 -1 -1 -1 -1 -1 -1 -1 -1 
-1 -1 -1 -1 -1 -1 -1 -1 -1 -1 
-1 -1 -1 -1 -1 -1 -1 -1 -1 -1 

34 33 32 31 30 29 -1 -1 -1 -1 
33 34 33 32 29 -1 -1 -1 -1 -1 
34 33 32 -1 -1 -1 -1 -1 -1 -1 
33 32 -1 -1 -1 -1 -1 -1 -1 -1 
32 -1 -1 -1 -1 -1 -1 -1 -1 -1 
-1 -1 -1 -1 -1 -1 -1 -1 -1 -1 
-1 -1 -1 -1 -1 -1 -1 -1 -1 -1 
-1 -1 -1 -1 -1 -1 -1 -1 -1 -1 
-1 -1 -1 -1 -1 -1 -1 -1 -1 -1 
-1 -1 -1 -1 -1 -1 -1 -1 -1 -1 

34 33 32 31 30 29 -1 -1 -1 -1 
33 34 33 32 31 -1 -1 -1 -1 -1 
34 33 32 31 -1 -1 -1 -1 -1 -1 
33 32 -1 -1 -1 -1 -1 -1 -1 -1 
32 -1 -1 -1 -1 -1 -1 -1 -1 -1 
-1 -1 -1 -1 -1 -1 -1 -1 -1 -1 
-1 -1 -1 -1 -1 -1 -1 -1 -1 -1 
-1 -1 -1 -1 -1 -1 -1 -1 -1 -1 
-1 -1 -1 -1 -1 -1 -1 -1 -1 -1 
-1 -1 -1 -1 -1 -1 -1 -1 -1 -1 

34 33 32 31 30 29 -1 -1 -1 -1 
33 34 33 32 31 -1 -1 -1 -1 -1 
34 33 32 31 -1 -1 -1 -1 -1 -1 
33 32 31 -1 -1 -1 -1 -1 -1 -1 
32 -1 -1 -1 -1 -1 -1 -1 -1 -1 
-1 -1 -1 -1 -1 -1 -1 -1 -1 -1 
-1 -1 -1 -1 -1 -1 -1 -1 -1 -1 
-1 -1 -1 -1 -1 -1 -1 -1 -1 -1 
-1 -1 -1 -1 -1 -1 -1 -1 -1 -1 
-1 -1 -1 -1 -1 -1 -1 -1 -1 -1 

34 33 32 31 30 29 -1 -1 -1 -1 
33 34 33 32 31 -1 -1 -1 -1 -1 
34 33 32 31 -1 -1 -1 -1 -1 -1 
33 32 31 -1 -1 -1 -1 -1 -1 -1 
32 31 -1 -1 -1 -1 -1 -1 -1 -1 
-1 -1 -1 -1 -1 -1 -1 -1 -1 -1 
-1 -1 -1 -1 -1 -1 -1 -1 -1 -1 
-1 -1 -1 -1 -1 -1 -1 -1 -1 -1 
-1 -1 -1 -1 -1 -1 -1 -1 -1 -1 
-1 -1 -1 -1 -1 -1 -1 -1 -1 -1 

34 33 32 31 30 29 -1 -1 -1 -1 
33 34 33 32 31 -1 -1 -1 -1 -1 
34 33 32 31 -1 -1 -1 -1 -1 -1 
33 32 31 -1 -1 -1 -1 -1 -1 -1 
32 31 -1 -1 -1 -1 -1 -1 -1 -1 
31 -1 -1 -1 -1 -1 -1 -1 -1 -1 
-1 -1 -1 -1 -1 -1 -1 -1 -1 -1 
-1 -1 -1 -1 -1 -1 -1 -1 -1 -1 
-1 -1 -1 -1 -1 -1 -1 -1 -1 -1 
-1 -1 -1 -1 -1 -1 -1 -1 -1 -1 

34 33 32 31 30 29 28 -1 -1 -1 
33 34 33 32 31 28 -1 -1 -1 -1 
34 33 32 31 -1 -1 -1 -1 -1 -1 
33 32 31 -1 -1 -1 -1 -1 -1 -1 
32 31 -1 -1 -1 -1 -1 -1 -1 -1 
31 -1 -1 -1 -1 -1 -1 -1 -1 -1 
-1 -1 -1 -1 -1 -1 -1 -1 -1 -1 
-1 -1 -1 -1 -1 -1 -1 -1 -1 -1 
-1 -1 -1 -1 -1 -1 -1 -1 -1 -1 
-1 -1 -1 -1 -1 -1 -1 -1 -1 -1 

34 33 32 31 30 29 28 -1 -1 -1 
33 34 33 32 31 30 -1 -1 -1 -1 
34 33 32 31 30 -1 -1 -1 -1 -1 
33 32 31 -1 -1 -1 -1 -1 -1 -1 
32 31 -1 -1 -1 -1 -1 -1 -1 -1 
31 -1 -1 -1 -1 -1 -1 -1 -1 -1 
-1 -1 -1 -1 -1 -1 -1 -1 -1 -1 
-1 -1 -1 -1 -1 -1 -1 -1 -1 -1 
-1 -1 -1 -1 -1 -1 -1 -1 -1 -1 
-1 -1 -1 -1 -1 -1 -1 -1 -1 -1 

34 33 32 31 30 29 28 -1 -1 -1 
33 34 33 32 31 30 -1 -1 -1 -1 
34 33 32 31 30 -1 -1 -1 -1 -1 
33 32 31 30 -1 -1 -1 -1 -1 -1 
32 31 -1 -1 -1 -1 -1 -1 -1 -1 
31 -1 -1 -1 -1 -1 -1 -1 -1 -1 
-1 -1 -1 -1 -1 -1 -1 -1 -1 -1 
-1 -1 -1 -1 -1 -1 -1 -1 -1 -1 
-1 -1 -1 -1 -1 -1 -1 -1 -1 -1 
-1 -1 -1 -1 -1 -1 -1 -1 -1 -1 

34 33 32 31 30 29 28 -1 -1 -1 
33 34 33 32 31 30 -1 -1 -1 -1 
34 33 32 31 30 -1 -1 -1 -1 -1 
33 32 31 30 -1 -1 -1 -1 -1 -1 
32 31 30 -1 -1 -1 -1 -1 -1 -1 
31 -1 -1 -1 -1 -1 -1 -1 -1 -1 
-1 -1 -1 -1 -1 -1 -1 -1 -1 -1 
-1 -1 -1 -1 -1 -1 -1 -1 -1 -1 
-1 -1 -1 -1 -1 -1 -1 -1 -1 -1 
-1 -1 -1 -1 -1 -1 -1 -1 -1 -1 

34 33 32 31 30 29 28 -1 -1 -1 
33 34 33 32 31 30 -1 -1 -1 -1 
34 33 32 31 30 -1 -1 -1 -1 -1 
33 32 31 30 -1 -1 -1 -1 -1 -1 
32 31 30 -1 -1 -1 -1 -1 -1 -1 
31 30 -1 -1 -1 -1 -1 -1 -1 -1 
-1 -1 -1 -1 -1 -1 -1 -1 -1 -1 
-1 -1 -1 -1 -1 -1 -1 -1 -1 -1 
-1 -1 -1 -1 -1 -1 -1 -1 -1 -1 
-1 -1 -1 -1 -1 -1 -1 -1 -1 -1 

34 33 32 31 30 29 28 -1 -1 -1 
33 34 33 32 31 30 -1 -1 -1 -1 
34 33 32 31 30 -1 -1 -1 -1 -1 
33 32 31 30 -1 -1 -1 -1 -1 -1 
32 31 30 -1 -1 -1 -1 -1 -1 -1 
31 30 -1 -1 -1 -1 -1 -1 -1 -1 
-1 -1 -1 -1 -1 -1 -1 -1 -1 -1 
-1 -1 -1 -1 -1 -1 -1 -1 -1 -1 
-1 -1 -1 -1 -1 -1 -1 -1 -1 -1 
-1 -1 -1 -1 -1 -1 -1 -1 -1 -1 

34 33 32 31 30 29 28 27 -1 -1 
33 34 33 32 31 30 27 -1 -1 -1 
34 33 32 31 30 -1 -1 -1 -1 -1 
33 32 31 30 -1 -1 -1 -1 -1 -1 
32 31 30 -1 -1 -1 -1 -1 -1 -1 
31 30 -1 -1 -1 -1 -1 -1 -1 -1 
-1 -1 -1 -1 -1 -1 -1 -1 -1 -1 
-1 -1 -1 -1 -1 -1 -1 -1 -1 -1 
-1 -1 -1 -1 -1 -1 -1 -1 -1 -1 
-1 -1 -1 -1 -1 -1 -1 -1 -1 -1 

34 33 32 31 30 29 28 27 -1 -1 
33 34 33 32 31 30 29 -1 -1 -1 
34 33 32 31 30 29 -1 -1 -1 -1 
33 32 31 30 -1 -1 -1 -1 -1 -1 
32 31 30 -1 -1 -1 -1 -1 -1 -1 
31 30 -1 -1 -1 -1 -1 -1 -1 -1 
-1 -1 -1 -1 -1 -1 -1 -1 -1 -1 
-1 -1 -1 -1 -1 -1 -1 -1 -1 -1 
-1 -1 -1 -1 -1 -1 -1 -1 -1 -1 
-1 -1 -1 -1 -1 -1 -1 -1 -1 -1 

34 33 32 31 30 29 28 27 -1 -1 
33 34 33 32 31 30 29 -1 -1 -1 
34 33 32 31 30 29 -1 -1 -1 -1 
33 32 31 30 29 -1 -1 -1 -1 -1 
32 31 30 -1 -1 -1 -1 -1 -1 -1 
31 30 -1 -1 -1 -1 -1 -1 -1 -1 
-1 -1 -1 -1 -1 -1 -1 -1 -1 -1 
-1 -1 -1 -1 -1 -1 -1 -1 -1 -1 
-1 -1 -1 -1 -1 -1 -1 -1 -1 -1 
-1 -1 -1 -1 -1 -1 -1 -1 -1 -1 

34 33 32 31 30 29 28 27 -1 -1 
33 34 33 32 31 30 29 -1 -1 -1 
34 33 32 31 30 29 -1 -1 -1 -1 
33 32 31 30 29 -1 -1 -1 -1 -1 
32 31 30 29 -1 -1 -1 -1 -1 -1 
31 30 -1 -1 -1 -1 -1 -1 -1 -1 
-1 -1 -1 -1 -1 -1 -1 -1 -1 -1 
-1 -1 -1 -1 -1 -1 -1 -1 -1 -1 
-1 -1 -1 -1 -1 -1 -1 -1 -1 -1 
-1 -1 -1 -1 -1 -1 -1 -1 -1 -1 

34 33 32 31 30 29 28 27 -1 -1 
33 34 33 32 31 30 29 -1 -1 -1 
34 33 32 31 30 29 -1 -1 -1 -1 
33 32 31 30 29 -1 -1 -1 -1 -1 
32 31 30 29 -1 -1 -1 -1 -1 -1 
31 30 29 -1 -1 -1 -1 -1 -1 -1 
-1 -1 -1 -1 -1 -1 -1 -1 -1 -1 
-1 -1 -1 -1 -1 -1 -1 -1 -1 -1 
-1 -1 -1 -1 -1 -1 -1 -1 -1 -1 
-1 -1 -1 -1 -1 -1 -1 -1 -1 -1 

34 33 32 31 30 29 28 27 -1 -1 
33 34 33 32 31 30 29 -1 -1 -1 
34 33 32 31 30 29 -1 -1 -1 -1 
33 32 31 30 29 -1 -1 -1 -1 -1 
32 31 30 29 -1 -1 -1 -1 -1 -1 
31 30 29 -1 -1 -1 -1 -1 -1 -1 
-1 -1 -1 -1 -1 -1 -1 -1 -1 -1 
-1 -1 -1 -1 -1 -1 -1 -1 -1 -1 
-1 -1 -1 -1 -1 -1 -1 -1 -1 -1 
-1 -1 -1 -1 -1 -1 -1 -1 -1 -1 

34 33 32 31 30 29 28 27 26 -1 
33 34 33 32 31 30 29 26 -1 -1 
34 33 32 31 30 29 -1 -1 -1 -1 
33 32 31 30 29 -1 -1 -1 -1 -1 
32 31 30 29 -1 -1 -1 -1 -1 -1 
31 30 29 -1 -1 -1 -1 -1 -1 -1 
-1 -1 -1 -1 -1 -1 -1 -1 -1 -1 
-1 -1 -1 -1 -1 -1 -1 -1 -1 -1 
-1 -1 -1 -1 -1 -1 -1 -1 -1 -1 
-1 -1 -1 -1 -1 -1 -1 -1 -1 -1 

34 33 32 31 30 29 28 27 26 -1 
33 34 33 32 31 30 29 28 -1 -1 
34 33 32 31 30 29 28 -1 -1 -1 
33 32 31 30 29 -1 -1 -1 -1 -1 
32 31 30 29 -1 -1 -1 -1 -1 -1 
31 30 29 -1 -1 -1 -1 -1 -1 -1 
-1 -1 -1 -1 -1 -1 -1 -1 -1 -1 
-1 -1 -1 -1 -1 -1 -1 -1 -1 -1 
-1 -1 -1 -1 -1 -1 -1 -1 -1 -1 
-1 -1 -1 -1 -1 -1 -1 -1 -1 -1 

34 33 32 31 30 29 28 27 26 -1 
33 34 33 32 31 30 29 28 -1 -1 
34 33 32 31 30 29 28 -1 -1 -1 
33 32 31 30 29 28 -1 -1 -1 -1 
32 31 30 29 -1 -1 -1 -1 -1 -1 
31 30 29 -1 -1 -1 -1 -1 -1 -1 
-1 -1 -1 -1 -1 -1 -1 -1 -1 -1 
-1 -1 -1 -1 -1 -1 -1 -1 -1 -1 
-1 -1 -1 -1 -1 -1 -1 -1 -1 -1 
-1 -1 -1 -1 -1 -1 -1 -1 -1 -1 

34 33 32 31 30 29 28 27 26 -1 
33 34 33 32 31 30 29 28 -1 -1 
34 33 32 31 30 29 28 -1 -1 -1 
33 32 31 30 29 28 -1 -1 -1 -1 
32 31 30 29 28 -1 -1 -1 -1 -1 
31 30 29 -1 -1 -1 -1 -1 -1 -1 
-1 -1 -1 -1 -1 -1 -1 -1 -1 -1 
-1 -1 -1 -1 -1 -1 -1 -1 -1 -1 
-1 -1 -1 -1 -1 -1 -1 -1 -1 -1 
-1 -1 -1 -1 -1 -1 -1 -1 -1 -1 

34 33 32 31 30 29 28 27 26 -1 
33 34 33 32 31 30 29 28 -1 -1 
34 33 32 31 30 29 28 -1 -1 -1 
33 32 31 30 29 28 -1 -1 -1 -1 
32 31 30 29 28 -1 -1 -1 -1 -1 
31 30 29 28 -1 -1 -1 -1 -1 -1 
-1 -1 -1 -1 -1 -1 -1 -1 -1 -1 
-1 -1 -1 -1 -1 -1 -1 -1 -1 -1 
-1 -1 -1 -1 -1 -1 -1 -1 -1 -1 
-1 -1 -1 -1 -1 -1 -1 -1 -1 -1 

34 33 32 31 30 29 28 27 26 -1 
33 34 33 32 31 30 29 28 -1 -1 
34 33 32 31 30 29 28 -1 -1 -1 
33 32 31 30 29 28 -1 -1 -1 -1 
32 31 30 29 28 -1 -1 -1 -1 -1 
31 30 29 28 -1 -1 -1 -1 -1 -1 
-1 -1 -1 -1 -1 -1 -1 -1 -1 -1 
-1 -1 -1 -1 -1 -1 -1 -1 -1 -1 
-1 -1 -1 -1 -1 -1 -1 -1 -1 -1 
-1 -1 -1 -1 -1 -1 -1 -1 -1 -1 

34 33 32 31 30 29 28 27 26 25 
33 34 33 32 31 30 29 28 25 -1 
34 33 32 31 30 29 28 -1 -1 -1 
33 32 31 30 29 28 -1 -1 -1 -1 
32 31 30 29 28 -1 -1 -1 -1 -1 
31 30 29 28 -1 -1 -1 -1 -1 -1 
-1 -1 -1 -1 -1 -1 -1 -1 -1 -1 
-1 -1 -1 -1 -1 -1 -1 -1 -1 -1 
-1 -1 -1 -1 -1 -1 -1 -1 -1 -1 
-1 -1 -1 -1 -1 -1 -1 -1 -1 -1 

34 33 32 31 30 29 28 27 26 25 
33 34 33 32 31 30 29 28 27 -1 
34 33 32 31 30 29 28 27 -1 -1 
33 32 31 30 29 28 -1 -1 -1 -1 
32 31 30 29 28 -1 -1 -1 -1 -1 
31 30 29 28 -1 -1 -1 -1 -1 -1 
-1 -1 -1 -1 -1 -1 -1 -1 -1 -1 
-1 -1 -1 -1 -1 -1 -1 -1 -1 -1 
-1 -1 -1 -1 -1 -1 -1 -1 -1 -1 
-1 -1 -1 -1 -1 -1 -1 -1 -1 -1 

34 33 32 31 30 29 28 27 26 25 
33 34 33 32 31 30 29 28 27 -1 
34 33 32 31 30 29 28 27 -1 -1 
33 32 31 30 29 28 27 -1 -1 -1 
32 31 30 29 28 -1 -1 -1 -1 -1 
31 30 29 28 -1 -1 -1 -1 -1 -1 
-1 -1 -1 -1 -1 -1 -1 -1 -1 -1 
-1 -1 -1 -1 -1 -1 -1 -1 -1 -1 
-1 -1 -1 -1 -1 -1 -1 -1 -1 -1 
-1 -1 -1 -1 -1 -1 -1 -1 -1 -1 

34 33 32 31 30 29 28 27 26 25 
33 34 33 32 31 30 29 28 27 -1 
34 33 32 31 30 29 28 27 -1 -1 
33 32 31 30 29 28 27 -1 -1 -1 
32 31 30 29 28 27 -1 -1 -1 -1 
31 30 29 28 -1 -1 -1 -1 -1 -1 
-1 -1 -1 -1 -1 -1 -1 -1 -1 -1 
-1 -1 -1 -1 -1 -1 -1 -1 -1 -1 
-1 -1 -1 -1 -1 -1 -1 -1 -1 -1 
-1 -1 -1 -1 -1 -1 -1 -1 -1 -1 

34 33 32 31 30 29 28 27 26 25 
33 34 33 32 31 30 29 28 27 -1 
34 33 32 31 30 29 28 27 -1 -1 
33 32 31 30 29 28 27 -1 -1 -1 
32 31 30 29 28 27 -1 -1 -1 -1 
31 30 29 28 27 -1 -1 -1 -1 -1 
-1 -1 -1 -1 -1 -1 -1 -1 -1 -1 
-1 -1 -1 -1 -1 -1 -1 -1 -1 -1 
-1 -1 -1 -1 -1 -1 -1 -1 -1 -1 
-1 -1 -1 -1 -1 -1 -1 -1 -1 -1 

34 33 32 31 30 29 28 27 26 25 
33 34 33 32 31 30 29 28 27 -1 
34 33 32 31 30 29 28 27 -1 -1 
33 32 31 30 29 28 27 -1 -1 -1 
32 31 30 29 28 27 -1 -1 -1 -1 
31 30 29 28 27 -1 -1 -1 -1 -1 
-1 -1 -1 -1 -1 -1 -1 -1 -1 -1 
-1 -1 -1 -1 -1 -1 -1 -1 -1 -1 
-1 -1 -1 -1 -1 -1 -1 -1 -1 -1 
-1 -1 -1 -1 -1 -1 -1 -1 -1 -1 

34 33 32 31 30 29 28 27 26 25 
33 34 33 32 31 30 29 28 27 24 
34 33 32 31 30 29 28 27 -1 -1 
33 32 31 30 29 28 27 -1 -1 -1 
32 31 30 29 28 27 -1 -1 -1 -1 
31 30 29 28 27 -1 -1 -1 -1 -1 
-1 -1 -1 -1 -1 -1 -1 -1 -1 -1 
-1 -1 -1 -1 -1 -1 -1 -1 -1 -1 
-1 -1 -1 -1 -1 -1 -1 -1 -1 -1 
-1 -1 -1 -1 -1 -1 -1 -1 -1 -1 

34 33 32 31 30 29 28 27 26 25 
33 34 33 32 31 30 29 28 27 26 
34 33 32 31 30 29 28 27 26 -1 
33 32 31 30 29 28 27 -1 -1 -1 
32 31 30 29 28 27 -1 -1 -1 -1 
31 30 29 28 27 -1 -1 -1 -1 -1 
-1 -1 -1 -1 -1 -1 -1 -1 -1 -1 
-1 -1 -1 -1 -1 -1 -1 -1 -1 -1 
-1 -1 -1 -1 -1 -1 -1 -1 -1 -1 
-1 -1 -1 -1 -1 -1 -1 -1 -1 -1 

34 33 32 31 30 29 28 27 26 25 
33 34 33 32 31 30 29 28 27 26 
34 33 32 31 30 29 28 27 26 -1 
33 32 31 30 29 28 27 26 -1 -1 
32 31 30 29 28 27 -1 -1 -1 -1 
31 30 29 28 27 -1 -1 -1 -1 -1 
-1 -1 -1 -1 -1 -1 -1 -1 -1 -1 
-1 -1 -1 -1 -1 -1 -1 -1 -1 -1 
-1 -1 -1 -1 -1 -1 -1 -1 -1 -1 
-1 -1 -1 -1 -1 -1 -1 -1 -1 -1 

34 33 32 31 30 29 28 27 26 25 
33 34 33 32 31 30 29 28 27 26 
34 33 32 31 30 29 28 27 26 -1 
33 32 31 30 29 28 27 26 -1 -1 
32 31 30 29 28 27 26 -1 -1 -1 
31 30 29 28 27 -1 -1 -1 -1 -1 
-1 -1 -1 -1 -1 -1 -1 -1 -1 -1 
-1 -1 -1 -1 -1 -1 -1 -1 -1 -1 
-1 -1 -1 -1 -1 -1 -1 -1 -1 -1 
-1 -1 -1 -1 -1 -1 -1 -1 -1 -1 

34 33 32 31 30 29 28 27 26 25 
33 34 33 32 31 30 29 28 27 26 
34 33 32 31 30 29 28 27 26 -1 
33 32 31 30 29 28 27 26 -1 -1 
32 31 30 29 28 27 26 -1 -1 -1 
31 30 29 28 27 26 -1 -1 -1 -1 
-1 -1 -1 -1 -1 -1 -1 -1 -1 -1 
-1 -1 -1 -1 -1 -1 -1 -1 -1 -1 
-1 -1 -1 -1 -1 -1 -1 -1 -1 -1 
-1 -1 -1 -1 -1 -1 -1 -1 -1 -1 

34 33 32 31 30 29 28 27 26 25 
33 34 33 32 31 30 29 28 27 26 
34 33 32 31 30 29 28 27 26 -1 
33 32 31 30 29 28 27 26 -1 -1 
32 31 30 29 28 27 26 -1 -1 -1 
31 30 29 28 27 26 -1 -1 -1 -1 
-1 -1 -1 -1 -1 -1 -1 -1 -1 -1 
-1 -1 -1 -1 -1 -1 -1 -1 -1 -1 
-1 -1 -1 -1 -1 -1 -1 -1 -1 -1 
-1 -1 -1 -1 -1 -1 -1 -1 -1 -1 

34 33 32 31 30 29 28 27 26 25 
33 34 33 32 31 30 29 28 27 26 
34 33 32 31 30 29 28 27 26 25 
33 32 31 30 29 28 27 26 -1 -1 
32 31 30 29 28 27 26 -1 -1 -1 
31 30 29 28 27 26 -1 -1 -1 -1 
-1 -1 -1 -1 -1 -1 -1 -1 -1 -1 
-1 -1 -1 -1 -1 -1 -1 -1 -1 -1 
-1 -1 -1 -1 -1 -1 -1 -1 -1 -1 
-1 -1 -1 -1 -1 -1 -1 -1 -1 -1 

34 33 32 31 30 29 28 27 26 25 
33 34 33 32 31 30 29 28 27 26 
34 33 32 31 30 29 28 27 26 25 
33 32 31 30 29 28 27 26 25 -1 
32 31 30 29 28 27 26 -1 -1 -1 
31 30 29 28 27 26 -1 -1 -1 -1 
-1 -1 -1 -1 -1 -1 -1 -1 -1 -1 
-1 -1 -1 -1 -1 -1 -1 -1 -1 -1 
-1 -1 -1 -1 -1 -1 -1 -1 -1 -1 
-1 -1 -1 -1 -1 -1 -1 -1 -1 -1 

34 33 32 31 30 29 28 27 26 25 
33 34 33 32 31 30 29 28 27 26 
34 33 32 31 30 29 28 27 26 25 
33 32 31 30 29 28 27 26 25 -1 
32 31 30 29 28 27 26 25 -1 -1 
31 30 29 28 27 26 -1 -1 -1 -1 
-1 -1 -1 -1 -1 -1 -1 -1 -1 -1 
-1 -1 -1 -1 -1 -1 -1 -1 -1 -1 
-1 -1 -1 -1 -1 -1 -1 -1 -1 -1 
-1 -1 -1 -1 -1 -1 -1 -1 -1 -1 

34 33 32 31 30 29 28 27 26 25 
33 34 33 32 31 30 29 28 27 26 
34 33 32 31 30 29 28 27 26 25 
33 32 31 30 29 28 27 26 25 -1 
32 31 30 29 28 27 26 25 -1 -1 
31 30 29 28 27 26 25 -1 -1 -1 
-1 -1 -1 -1 -1 -1 -1 -1 -1 -1 
-1 -1 -1 -1 -1 -1 -1 -1 -1 -1 
-1 -1 -1 -1 -1 -1 -1 -1 -1 -1 
-1 -1 -1 -1 -1 -1 -1 -1 -1 -1 

34 33 32 31 30 29 28 27 26 25 
33 34 33 32 31 30 29 28 27 26 
34 33 32 31 30 29 28 27 26 25 
33 32 31 30 29 28 27 26 25 -1 
32 31 30 29 28 27 26 25 -1 -1 
31 30 29 28 27 26 25 -1 -1 -1 
-1 -1 -1 -1 -1 -1 -1 -1 -1 -1 
-1 -1 -1 -1 -1 -1 -1 -1 -1 -1 
-1 -1 -1 -1 -1 -1 -1 -1 -1 -1 
-1 -1 -1 -1 -1 -1 -1 -1 -1 -1 

34 33 32 31 30 29 28 27 26 25 
33 34 33 32 31 30 29 28 27 26 
34 33 32 31 30 29 28 27 26 25 
33 32 31 30 29 28 27 26 25 24 
32 31 30 29 28 27 26 25 -1 -1 
31 30 29 28 27 26 25 -1 -1 -1 
-1 -1 -1 -1 -1 -1 -1 -1 -1 -1 
-1 -1 -1 -1 -1 -1 -1 -1 -1 -1 
-1 -1 -1 -1 -1 -1 -1 -1 -1 -1 
-1 -1 -1 -1 -1 -1 -1 -1 -1 -1 

34 33 32 31 30 29 28 27 26 25 
33 34 33 32 31 30 29 28 27 26 
34 33 32 31 30 29 28 27 26 25 
33 32 31 30 29 28 27 26 25 24 
32 31 30 29 28 27 26 25 24 -1 
31 30 29 28 27 26 25 -1 -1 -1 
-1 -1 -1 -1 -1 -1 -1 -1 -1 -1 
-1 -1 -1 -1 -1 -1 -1 -1 -1 -1 
-1 -1 -1 -1 -1 -1 -1 -1 -1 -1 
-1 -1 -1 -1 -1 -1 -1 -1 -1 -1 

34 33 32 31 30 29 28 27 26 25 
33 34 33 32 31 30 29 28 27 26 
34 33 32 31 30 29 28 27 26 25 
33 32 31 30 29 28 27 26 25 24 
32 31 30 29 28 27 26 25 24 -1 
31 30 29 28 27 26 25 24 -1 -1 
-1 -1 -1 -1 -1 -1 -1 -1 -1 -1 
-1 -1 -1 -1 -1 -1 -1 -1 -1 -1 
-1 -1 -1 -1 -1 -1 -1 -1 -1 -1 
-1 -1 -1 -1 -1 -1 -1 -1 -1 -1 

34 33 32 31 30 29 28 27 26 25 
33 34 33 32 31 30 29 28 27 26 
34 33 32 31 30 29 28 27 26 25 
33 32 31 30 29 28 27 26 25 24 
32 31 30 29 28 27 26 25 24 -1 
31 30 29 28 27 26 25 24 -1 -1 
-1 -1 -1 -1 -1 -1 -1 -1 -1 -1 
-1 -1 -1 -1 -1 -1 -1 -1 -1 -1 
-1 -1 -1 -1 -1 -1 -1 -1 -1 -1 
-1 -1 -1 -1 -1 -1 -1 -1 -1 -1 

34 33 32 31 30 29 28 27 26 25 
33 34 33 32 31 30 29 28 27 26 
34 33 32 31 30 29 28 27 26 25 
33 32 31 30 29 28 27 26 25 24 
32 31 30 29 28 27 26 25 24 23 
31 30 29 28 27 26 25 24 -1 -1 
-1 -1 -1 -1 -1 -1 -1 -1 -1 -1 
-1 -1 -1 -1 -1 -1 -1 -1 -1 -1 
-1 -1 -1 -1 -1 -1 -1 -1 -1 -1 
-1 -1 -1 -1 -1 -1 -1 -1 -1 -1 

34 33 32 31 30 29 28 27 26 25 
33 34 33 32 31 30 29 28 27 26 
34 33 32 31 30 29 28 27 26 25 
33 32 31 30 29 28 27 26 25 24 
32 31 30 29 28 27 26 25 24 23 
31 30 29 28 27 26 25 24 23 -1 
-1 -1 -1 -1 -1 -1 -1 -1 -1 -1 
-1 -1 -1 -1 -1 -1 -1 -1 -1 -1 
-1 -1 -1 -1 -1 -1 -1 -1 -1 -1 
-1 -1 -1 -1 -1 -1 -1 -1 -1 -1 

34 33 32 31 30 29 28 27 26 25 
33 34 33 32 31 30 29 28 27 26 
34 33 32 31 30 29 28 27 26 25 
33 32 31 30 29 28 27 26 25 24 
32 31 30 29 28 27 26 25 24 23 
31 30 29 28 27 26 25 24 23 -1 
-1 -1 -1 -1 -1 -1 -1 -1 -1 -1 
-1 -1 -1 -1 -1 -1 -1 -1 -1 -1 
-1 -1 -1 -1 -1 -1 -1 -1 -1 -1 
-1 -1 -1 -1 -1 -1 -1 -1 -1 -1 

34 33 32 31 30 29 28 27 26 25 
33 34 33 32 31 30 29 28 27 26 
34 33 32 31 30 29 28 27 26 25 
33 32 31 30 29 28 27 26 25 24 
32 31 30 29 28 27 26 25 24 23 
31 30 29 28 27 26 25 24 23 22 
-1 -1 -1 -1 -1 -1 -1 -1 -1 -1 
-1 -1 -1 -1 -1 -1 -1 -1 -1 -1 
-1 -1 -1 -1 -1 -1 -1 -1 -1 -1 
-1 -1 -1 -1 -1 -1 -1 -1 -1 -1 

34 33 32 31 30 29 28 27 26 25 
33 34 33 32 31 30 29 28 27 26 
34 33 32 31 30 29 28 27 26 25 
33 32 31 30 29 28 27 26 25 24 
32 31 30 29 28 27 26 25 24 23 
31 30 29 28 27 26 25 24 23 22 
-1 -1 -1 -1 -1 -1 -1 -1 -1 -1 
-1 -1 -1 -1 -1 -1 -1 -1 -1 -1 
-1 -1 -1 -1 -1 -1 -1 -1 -1 -1 
-1 -1 -1 -1 -1 -1 -1 -1 -1 -1 

34 33 32 31 30 29 28 27 26 25 
33 34 33 32 31 30 29 28 27 26 
34 33 32 31 30 29 28 27 26 25 
33 32 31 30 29 28 27 26 25 24 
32 31 30 29 28 27 26 25 24 23 
31 30 29 28 27 26 25 24 23 22 
-1 -1 -1 -1 -1 -1 -1 -1 -1 21 
-1 -1 -1 -1 -1 -1 -1 -1 -1 -1 
-1 -1 -1 -1 -1 -1 -1 -1 -1 -1 
-1 -1 -1 -1 -1 -1 -1 -1 -1 -1 

34 33 32 31 30 29 28 27 26 25 
33 34 33 32 31 30 29 28 27 26 
34 33 32 31 30 29 28 27 26 25 
33 32 31 30 29 28 27 26 25 24 
32 31 30 29 28 27 26 25 24 23 
31 30 29 28 27 26 25 24 23 22 
-1 -1 -1 -1 -1 -1 -1 -1 -1 21 
-1 -1 -1 -1 -1 -1 -1 -1 -1 20 
-1 -1 -1 -1 -1 -1 -1 -1 -1 -1 
-1 -1 -1 -1 -1 -1 -1 -1 -1 -1 

34 33 32 31 30 29 28 27 26 25 
33 34 33 32 31 30 29 28 27 26 
34 33 32 31 30 29 28 27 26 25 
33 32 31 30 29 28 27 26 25 24 
32 31 30 29 28 27 26 25 24 23 
31 30 29 28 27 26 25 24 23 22 
-1 -1 -1 -1 -1 -1 -1 -1 -1 21 
-1 -1 -1 -1 -1 -1 -1 -1 19 20 
-1 -1 -1 -1 -1 -1 -1 -1 -1 -1 
-1 -1 -1 -1 -1 -1 -1 -1 -1 -1 

34 33 32 31 30 29 28 27 26 25 
33 34 33 32 31 30 29 28 27 26 
34 33 32 31 30 29 28 27 26 25 
33 32 31 30 29 28 27 26 25 24 
32 31 30 29 28 27 26 25 24 23 
31 30 29 28 27 26 25 24 23 22 
-1 -1 -1 -1 -1 -1 -1 -1 -1 21 
-1 -1 -1 -1 -1 -1 -1 18 19 20 
-1 -1 -1 -1 -1 -1 -1 -1 -1 -1 
-1 -1 -1 -1 -1 -1 -1 -1 -1 -1 

34 33 32 31 30 29 28 27 26 25 
33 34 33 32 31 30 29 28 27 26 
34 33 32 31 30 29 28 27 26 25 
33 32 31 30 29 28 27 26 25 24 
32 31 30 29 28 27 26 25 24 23 
31 30 29 28 27 26 25 24 23 22 
-1 -1 -1 -1 -1 -1 -1 -1 -1 21 
-1 -1 -1 -1 -1 -1 17 18 19 20 
-1 -1 -1 -1 -1 -1 -1 -1 -1 -1 
-1 -1 -1 -1 -1 -1 -1 -1 -1 -1 

34 33 32 31 30 29 28 27 26 25 
33 34 33 32 31 30 29 28 27 26 
34 33 32 31 30 29 28 27 26 25 
33 32 31 30 29 28 27 26 25 24 
32 31 30 29 28 27 26 25 24 23 
31 30 29 28 27 26 25 24 23 22 
-1 -1 -1 -1 -1 -1 -1 -1 -1 21 
-1 -1 -1 -1 -1 16 17 18 19 20 
-1 -1 -1 -1 -1 -1 -1 -1 -1 -1 
-1 -1 -1 -1 -1 -1 -1 -1 -1 -1 

34 33 32 31 30 29 28 27 26 25 
33 34 33 32 31 30 29 28 27 26 
34 33 32 31 30 29 28 27 26 25 
33 32 31 30 29 28 27 26 25 24 
32 31 30 29 28 27 26 25 24 23 
31 30 29 28 27 26 25 24 23 22 
-1 -1 -1 -1 -1 -1 -1 -1 -1 21 
-1 -1 -1 -1 15 16 17 18 19 20 
-1 -1 -1 -1 -1 -1 -1 -1 -1 -1 
-1 -1 -1 -1 -1 -1 -1 -1 -1 -1 

34 33 32 31 30 29 28 27 26 25 
33 34 33 32 31 30 29 28 27 26 
34 33 32 31 30 29 28 27 26 25 
33 32 31 30 29 28 27 26 25 24 
32 31 30 29 28 27 26 25 24 23 
31 30 29 28 27 26 25 24 23 22 
-1 -1 -1 -1 -1 -1 -1 -1 -1 21 
-1 -1 -1 14 15 16 17 18 19 20 
-1 -1 -1 -1 -1 -1 -1 -1 -1 -1 
-1 -1 -1 -1 -1 -1 -1 -1 -1 -1 

34 33 32 31 30 29 28 27 26 25 
33 34 33 32 31 30 29 28 27 26 
34 33 32 31 30 29 28 27 26 25 
33 32 31 30 29 28 27 26 25 24 
32 31 30 29 28 27 26 25 24 23 
31 30 29 28 27 26 25 24 23 22 
-1 -1 -1 -1 -1 -1 -1 -1 -1 21 
-1 -1 13 14 15 16 17 18 19 20 
-1 -1 -1 -1 -1 -1 -1 -1 -1 -1 
-1 -1 -1 -1 -1 -1 -1 -1 -1 -1 

34 33 32 31 30 29 28 27 26 25 
33 34 33 32 31 30 29 28 27 26 
34 33 32 31 30 29 28 27 26 25 
33 32 31 30 29 28 27 26 25 24 
32 31 30 29 28 27 26 25 24 23 
31 30 29 28 27 26 25 24 23 22 
-1 -1 -1 -1 -1 -1 -1 -1 -1 21 
-1 12 13 14 15 16 17 18 19 20 
-1 -1 -1 -1 -1 -1 -1 -1 -1 -1 
-1 -1 -1 -1 -1 -1 -1 -1 -1 -1 

34 33 32 31 30 29 28 27 26 25 
33 34 33 32 31 30 29 28 27 26 
34 33 32 31 30 29 28 27 26 25 
33 32 31 30 29 28 27 26 25 24 
32 31 30 29 28 27 26 25 24 23 
31 30 29 28 27 26 25 24 23 22 
-1 -1 -1 -1 -1 -1 -1 -1 -1 21 
11 12 13 14 15 16 17 18 19 20 
-1 -1 -1 -1 -1 -1 -1 -1 -1 -1 
-1 -1 -1 -1 -1 -1 -1 -1 -1 -1 

34 33 32 31 30 29 28 27 26 25 
33 34 33 32 31 30 29 28 27 26 
34 33 32 31 30 29 28 27 26 25 
33 32 31 30 29 28 27 26 25 24 
32 31 30 29 28 27 26 25 24 23 
31 30 29 28 27 26 25 24 23 22 
-1 -1 -1 -1 -1 -1 -1 -1 -1 21 
11 12 13 14 15 16 17 18 19 20 
10 -1 -1 -1 -1 -1 -1 -1 -1 -1 
-1 -1 -1 -1 -1 -1 -1 -1 -1 -1 

34 33 32 31 30 29 28 27 26 25 
33 34 33 32 31 30 29 28 27 26 
34 33 32 31 30 29 28 27 26 25 
33 32 31 30 29 28 27 26 25 24 
32 31 30 29 28 27 26 25 24 23 
31 30 29 28 27 26 25 24 23 22 
-1 -1 -1 -1 -1 -1 -1 -1 -1 21 
11 12 13 14 15 16 17 18 19 20 
10 -1 -1 -1 -1 -1 -1 -1 -1 -1 
9 -1 -1 -1 -1 -1 -1 -1 -1 -1 

34 33 32 31 30 29 28 27 26 25 
33 34 33 32 31 30 29 28 27 26 
34 33 32 31 30 29 28 27 26 25 
33 32 31 30 29 28 27 26 25 24 
32 31 30 29 28 27 26 25 24 23 
31 30 29 28 27 26 25 24 23 22 
-1 -1 -1 -1 -1 -1 -1 -1 -1 21 
11 12 13 14 15 16 17 18 19 20 
10 -1 -1 -1 -1 -1 -1 -1 -1 -1 
9 8 -1 -1 -1 -1 -1 -1 -1 -1 

34 33 32 31 30 29 28 27 26 25 
33 34 33 32 31 30 29 28 27 26 
34 33 32 31 30 29 28 27 26 25 
33 32 31 30 29 28 27 26 25 24 
32 31 30 29 28 27 26 25 24 23 
31 30 29 28 27 26 25 24 23 22 
-1 -1 -1 -1 -1 -1 -1 -1 -1 21 
11 12 13 14 15 16 17 18 19 20 
10 -1 -1 -1 -1 -1 -1 -1 -1 -1 
9 8 7 -1 -1 -1 -1 -1 -1 -1 

34 33 32 31 30 29 28 27 26 25 
33 34 33 32 31 30 29 28 27 26 
34 33 32 31 30 29 28 27 26 25 
33 32 31 30 29 28 27 26 25 24 
32 31 30 29 28 27 26 25 24 23 
31 30 29 28 27 26 25 24 23 22 
-1 -1 -1 -1 -1 -1 -1 -1 -1 21 
11 12 13 14 15 16 17 18 19 20 
10 -1 -1 -1 -1 -1 -1 -1 -1 -1 
9 8 7 6 -1 -1 -1 -1 -1 -1 

34 33 32 31 30 29 28 27 26 25 
33 34 33 32 31 30 29 28 27 26 
34 33 32 31 30 29 28 27 26 25 
33 32 31 30 29 28 27 26 25 24 
32 31 30 29 28 27 26 25 24 23 
31 30 29 28 27 26 25 24 23 22 
-1 -1 -1 -1 -1 -1 -1 -1 -1 21 
11 12 13 14 15 16 17 18 19 20 
10 -1 -1 -1 -1 -1 -1 -1 -1 -1 
9 8 7 6 5 -1 -1 -1 -1 -1 

34 33 32 31 30 29 28 27 26 25 
33 34 33 32 31 30 29 28 27 26 
34 33 32 31 30 29 28 27 26 25 
33 32 31 30 29 28 27 26 25 24 
32 31 30 29 28 27 26 25 24 23 
31 30 29 28 27 26 25 24 23 22 
-1 -1 -1 -1 -1 -1 -1 -1 -1 21 
11 12 13 14 15 16 17 18 19 20 
10 -1 -1 -1 -1 -1 -1 -1 -1 -1 
9 8 7 6 5 4 -1 -1 -1 -1 

34 33 32 31 30 29 28 27 26 25 
33 34 33 32 31 30 29 28 27 26 
34 33 32 31 30 29 28 27 26 25 
33 32 31 30 29 28 27 26 25 24 
32 31 30 29 28 27 26 25 24 23 
31 30 29 28 27 26 25 24 23 22 
-1 -1 -1 -1 -1 -1 -1 -1 -1 21 
11 12 13 14 15 16 17 18 19 20 
10 -1 -1 -1 -1 -1 -1 -1 -1 -1 
9 8 7 6 5 4 3 -1 -1 -1 

34 33 32 31 30 29 28 27 26 25 
33 34 33 32 31 30 29 28 27 26 
34 33 32 31 30 29 28 27 26 25 
33 32 31 30 29 28 27 26 25 24 
32 31 30 29 28 27 26 25 24 23 
31 30 29 28 27 26 25 24 23 22 
-1 -1 -1 -1 -1 -1 -1 -1 -1 21 
11 12 13 14 15 16 17 18 19 20 
10 -1 -1 -1 -1 -1 -1 -1 -1 -1 
9 8 7 6 5 4 3 2 -1 -1 

34 33 32 31 30 29 28 27 26 25 
33 34 33 32 31 30 29 28 27 26 
34 33 32 31 30 29 28 27 26 25 
33 32 31 30 29 28 27 26 25 24 
32 31 30 29 28 27 26 25 24 23 
31 30 29 28 27 26 25 24 23 22 
-1 -1 -1 -1 -1 -1 -1 -1 -1 21 
11 12 13 14 15 16 17 18 19 20 
10 -1 -1 -1 -1 -1 -1 -1 -1 -1 
9 8 7 6 5 4 3 2 1 -1 

34 33 32 31 30 29 28 27 26 25 
33 34 33 32 31 30 29 28 27 26 
34 33 32 31 30 29 28 27 26 25 
33 32 31 30 29 28 27 26 25 24 
32 31 30 29 28 27 26 25 24 23 
31 30 29 28 27 26 25 24 23 22 
-1 -1 -1 -1 -1 -1 -1 -1 -1 21 
11 12 13 14 15 16 17 18 19 20 
10 -1 -1 -1 -1 -1 -1 -1 -1 -1 
9 8 7 6 5 4 3 2 1 0 

34 33 32 31 30 29 28 27 26 25 
33 34 33 32 31 30 29 28 27 26 
34 33 32 31 30 29 28 27 26 25 
33 32 31 30 29 28 27 26 25 24 
32 31 30 29 28 27 26 25 24 23 
31 30 29 28 27 26 25 24 23 22 
-1 -1 -1 -1 -1 -1 -1 -1 -1 21 
11 12 13 14 15 16 17 18 19 20 
10 -1 -1 -1 -1 -1 -1 -1 -1 -1 
9 8 7 6 5 4 3 2 1 0 
Yes
